PROBE para la tarea 6

Plan Size vs Actual Size

xk: 150.0
b0: 42.620299796747304
b1: 0.8559874661246644
rXY: 0.32642060331595246
r2: 0.1065504102691504
yk: 171.01841971544695

Plan Size vs Actual Time

Digite el valor de Xk: 
150
xk: 150.0
b0: 5.754422849471929
b1: -0.00816042796040821
rXY: -0.18421503564640784
r2: 0.033935179358207314
yk: 4.530358655410698