Plan Size vs Actual Size

xk: 247.0
b0: -58.69784172661872
b1: 1.402158273381295
rXY: 0.4625764140909951
r2: 0.21397693887328376
yk: 287.6352517985611

Plan Size vs Actual Time

xk: 247.0
b0: 7.218944843827348
b1: -0.01605515587266192
rXY: -0.3149510393307938
r2: 0.09919415717554723
yk: 3.253321343279854